Resulution 18, Error 3,92787253429093, Residue 0,Dividers  3,972 5,822 24 33,6 Bit weight: 
 w 0,986908387418197:combination 0,251762343729132 (0,0), weightBitCombination 000000000000000000000000000000000000000000000001 1, 
 w 0,93333337571886:combination 0,238095248907873 (3,3), weightBitCombination 000000001000000000000000000000000000000000000000 549755813888, 
 w 1,86666675143772:combination 0,476190497815745 (3,4), weightBitCombination 000000010000000000000000000000000000000000000000 1099511627776, 
 w 2,69323255377584:combination 0,687049120861183 (1,2), weightBitCombination 000000000000000000000000000000000100000000000000 16384, 
 w 4,53096690949708:combination 1,00704937491653 (0,2)+0,119047624453936 (3,2)+0,0297619061134841 (3,0), weightBitCombination 000000000101000000000000000000000000000000000100 343597383684, 
 w 7,2230813844396:combination 1,37409824172237 (1,3)+0,343524560430592 (1,1)+0,0833333333333333 (2,1)+0,0416666666666667 (2,0), weightBitCombination 000000000000000000000011000000001010000000000000 50372608, 
 w 11,679571697477:combination 2,74819648344473 (1,4)+0,171762280215296 (1,0)+0,0595238122269681 (3,1), weightBitCombination 000000000010000000000000000000010001000000000000 137439023104, 
 w 18,4038675320245:combination 4,02819749966611 (0,4)+0,666666666666667 (2,4), weightBitCombination 000000000000000000010000000000000000000000010000 268435472, 
 w 29,8666680230035:combination 7,61904796505192 (3,8), weightBitCombination 000100000000000000000000000000000000000000000000 17592186044416, 
 w 48,1317210299555:combination 10,9927859337789 (1,6)+0,95238099563149 (3,5)+0,333333333333333 (2,3), weightBitCombination 000000100000000000001000000001000000000000000000 2199157735424, 
 w 76,2426202362677:combination 16,1127899986644 (0,6)+2,66666666666667 (2,6)+0,503524687458264 (0,1)+0,166666666666667 (2,2), weightBitCombination 000000000000000001000100000000000000000001000010 1140850754, 
 w 119,466672092014:combination 30,4761918602077 (3,10), weightBitCombination 010000000000000000000000000000000000000000000000 70368744177664, 
 w 193,91274387186:combination 43,9711437351157 (1,8)+5,49639296688947 (1,5), weightBitCombination 000000000000000000000000000100100000000000000000 1179648, 
 w 312,381883225066:combination 64,4511599946578 (0,8)+15,2380959301038 (3,9), weightBitCombination 001000000000000000000000000000000000000100000000 35184372089088, 
 w 505,297094358117:combination 128,902319989316 (0,9), weightBitCombination 000000000000000000000000000000000000001000000000 512, 
 w 815,791807356144:combination 175,884574940463 (1,10)+32,2255799973289 (0,7), weightBitCombination 000000000000000000000000010000000000000010000000 4194432, 
 w 1320,14279999961:combination 257,804639978631 (0,10)+60,9523837204154 (3,11)+10,6666666666667 (2,8)+5,33333333333333 (2,7)+2,01409874983306 (0,3), weightBitCombination 100000000000000110000000000000000000010000001000 140743930807304, 
 w 2134,99848683721:combination 515,609279957262 (0,11)+21,9855718675579 (1,7)+3,80952398252596 (3,7)+1,90476199126298 (3,6)+1,33333333333333 (2,5), weightBitCombination 000011000000000000100000000010000000100000000000 13194676930560
